line 1 - The next line is line 2 (f1)
C
12  
0 0 1 0 0 1 1 0 1 1 1 0 
0 0 0 1 0 1 1 0 0 0 0 0 
1 0 0 0 1 1 0 0 1 0 0 0 
0 1 0 0 0 1 0 1 0 0 0 0 
0 0 1 0 0 1 0 1 1 0 0 0 
1 1 1 1 1 0 0 0 0 0 0 0 
1 1 0 0 0 0 0 0 0 1 0 0 
0 0 0 1 1 0 0 0 0 0 0 0 
1 0 1 0 1 0 0 0 0 0 0 1 
1 0 0 0 0 0 1 0 0 0 1 0 
1 0 0 0 0 0 0 0 0 1 0 1 
0 0 0 0 0 0 0 0 1 0 1 0
line 12 - The next line is line 13 (f2)
C K
12
0 50 999 999 999 999 999 1 999 999 999 999 
50 0 1 999 999 999 30 999 999 999 999 999 
999 1 0 1 999 20 999 999 999 999 999 999 
999 999 1 0 1 999 999 999 999 999 999 999 
999 999 999 1 0 1 999 999 999 999 999 10 
999 999 20 999 1 0 1 999 999 999 2 999 
999 30 999 999 999 1 0 1 999 30 999 999 
1 999 999 999 999 999 1 0 25 999 999 999 
999 999 999 999 999 999 999 25 0 5 999 999 
999 999 999 999 999 999 30 999 5 0 10 1 
999 999 999 999 999 2 999 999 999 10 0 1 
999 999 999 999 10 999 999 999 999 1 1 0 
End

